[gd_scene load_steps=10 format=3 uid="uid://dmju6sihnst6s"]

[ext_resource type="PackedScene" uid="uid://br6xmt72gk6sa" path="res://src/scene/RtsCameraController.tscn" id="1_0aerw"]
[ext_resource type="PackedScene" uid="uid://louolccrs4lf" path="res://assets/models/arbre.gltf" id="2_f1xbp"]
[ext_resource type="Material" uid="uid://cpecnyo8sqxa6" path="res://assets/materials/grass.tres" id="3_5ubpd"]
[ext_resource type="PackedScene" uid="uid://ce6ap0j8c6gys" path="res://assets/models/foodSpot.gltf" id="4_wk747"]
[ext_resource type="PackedScene" uid="uid://bfej8hybrjsm3" path="res://assets/models/rockSpot.gltf" id="5_qcau2"]

[sub_resource type="ProceduralSkyMaterial" id="ProceduralSkyMaterial_3ylve"]
sky_horizon_color = Color(0.64625, 0.65575, 0.67075, 1)
ground_horizon_color = Color(0.64625, 0.65575, 0.67075, 1)

[sub_resource type="Sky" id="Sky_gcjn2"]
sky_material = SubResource("ProceduralSkyMaterial_3ylve")

[sub_resource type="Environment" id="Environment_yxl45"]
background_mode = 2
sky = SubResource("Sky_gcjn2")

[sub_resource type="PlaneMesh" id="PlaneMesh_cheyu"]
size = Vector2(200, 200)

[node name="Main" type="Node3D"]

[node name="DirectionalLight3D" type="DirectionalLight3D" parent="."]
transform = Transform3D(1, -5.46104e-08, 1.66098e-07, 0, 0.949972, 0.312335, -1.74846e-07, -0.312335, 0.949972, 0, 7, 0)
light_angular_distance = 5.0
shadow_enabled = true
directional_shadow_mode = 0
directional_shadow_fade_start = 1.0
directional_shadow_max_distance = 51.3

[node name="WorldEnvironment" type="WorldEnvironment" parent="."]
environment = SubResource("Environment_yxl45")

[node name="RtsCameraController" parent="." instance=ExtResource("1_0aerw")]

[node name="MeshInstance3D" type="MeshInstance3D" parent="."]
transform = Transform3D(0.5, 0, 0, 0, 0.5, 0, 0, 0, 0.5, 0, 0, 0)
mesh = SubResource("PlaneMesh_cheyu")
surface_material_override/0 = ExtResource("3_5ubpd")

[node name="blockbench_export" parent="." instance=ExtResource("2_f1xbp")]
transform = Transform3D(1, 0, 0, 0, 1, 0, 0, 0, 1, 0.690072, 2.08165e-12, -2.47017)

[node name="blockbench_export2" parent="." instance=ExtResource("2_f1xbp")]
transform = Transform3D(1, 0, 0, 0, 1, 0, 0, 0, 1, 5.88256, 2.08165e-12, -0.641811)

[node name="blockbench_export3" parent="." instance=ExtResource("2_f1xbp")]
transform = Transform3D(1, 0, 0, 0, 1, 0, 0, 0, 1, 1.95414, 2.08165e-12, 0.2601)

[node name="blockbench_export8" parent="." instance=ExtResource("2_f1xbp")]
transform = Transform3D(0.907807, 0, -0.419389, 0, 1, 0, 0.419389, 0, 0.907807, -0.154762, 2.08165e-12, 2.83257)

[node name="blockbench_export9" parent="." instance=ExtResource("2_f1xbp")]
transform = Transform3D(0.12606, 0, 0.992023, 0, 1, 0, -0.992023, 0, 0.12606, -3.76434, 2.08165e-12, -1.06519)

[node name="blockbench_export10" parent="." instance=ExtResource("2_f1xbp")]
transform = Transform3D(0.708648, 0, 0.705562, 0, 1, 0, -0.705562, 0, 0.708648, -3.7194, 2.08165e-12, -6.17963)

[node name="blockbench_export11" parent="." instance=ExtResource("2_f1xbp")]
transform = Transform3D(0.763728, 0, -0.645538, 0, 1, 0, 0.645538, 0, 0.763728, 3.89508, 2.08165e-12, 3.24825)

[node name="blockbench_export12" parent="." instance=ExtResource("2_f1xbp")]
transform = Transform3D(0.453975, 0, -0.891015, 0, 1, 0, 0.891015, 0, 0.453975, -3.26768, 2.08165e-12, 2.79164)

[node name="blockbench_export13" parent="." instance=ExtResource("2_f1xbp")]
transform = Transform3D(-0.371368, 0, -0.928486, 0, 1, 0, 0.928486, 0, -0.371368, 2.57208, 2.08165e-12, -5.39677)

[node name="blockbench_export4" parent="." instance=ExtResource("2_f1xbp")]
transform = Transform3D(1, 0, 0, 0, 1, 0, 0, 0, 1, -5.41625, 2.08165e-12, 0.2601)

[node name="blockbench_export5" parent="." instance=ExtResource("2_f1xbp")]
transform = Transform3D(1, 0, 0, 0, 1, 0, 0, 0, 1, -5.41625, 2.08165e-12, 3.59294)

[node name="blockbench_export6" parent="." instance=ExtResource("4_wk747")]
transform = Transform3D(0.5, 0, 0, 0, 0.5, 0, 0, 0, 0.5, 3.60555, 0, -1.79114)

[node name="blockbench_export7" parent="." instance=ExtResource("4_wk747")]
transform = Transform3D(0.5, 0, 0, 0, 0.5, 0, 0, 0, 0.5, -1.79773, 0, 0.615198)

[node name="blockbench_export14" parent="." instance=ExtResource("5_qcau2")]
transform = Transform3D(0.5, 0, 0, 0, 0.5, 0, 0, 0, 0.5, 2.04516, 0, 2.41815)
